20
164 96
76 2 193 164
1000000000 1
12 7 74 12
59 26
14 19 681 59
1000000000 100000
1 1 0 2
977365070 59489
8 5 9 999966210
640834505 28785
3 9 1 999946125
137 49
48 17 461 137
693840425 90561
2 6 7 999957328
66 39
35 2 589 66
78 51
3 5 5 51230
218492221 46085
3 7 1 999969453
497151700 96511
9 7 6 999919625
198 81
8 5 7 83495
131 74
1 9 10 78736
98 59
6 30 524 98
1000000000 100000
1 1 1 1000000000
714311129 39521
9 5 9 999998192
840698758 13331
8 7 10 999955808
177 73
7 7 5 56401
1000000000 100000
999999999 1 999999999 1000000000
